   0.0000000e+00   7.5812606e-01   1.7068800e-01
   1.8125874e+03   6.3147105e-01   1.8298657e-01
   3.6251748e+03   4.9617457e-01   1.9528515e-01
   5.4377622e+03   3.5966286e-01   2.0758372e-01
   7.2503497e+03   2.1248210e-01   2.1945600e-01
   9.0629371e+03   7.0806484e-02   2.1945600e-01
   1.0875524e+04  -5.8259474e-02   2.2491256e-01
   1.2688112e+04  -1.4823881e-01   2.1336000e-01
   1.4500699e+04  -2.0404681e-01   2.0641141e-01
   1.6313287e+04  -2.3695465e-01   1.8496884e-01
   1.8125874e+04  -2.1770734e-01   1.6855653e-01
   1.9938462e+04  -1.5747630e-01   1.4278708e-01
   2.1751049e+04  -4.7274008e-02   1.1277600e-01
   2.3563636e+04   9.2088307e-02   9.9198545e-02
   2.5376224e+04   2.3749254e-01   7.0167944e-02
   2.7188811e+04   4.0414737e-01   6.5606601e-02
   2.9001399e+04   5.8275398e-01   5.6206825e-02
   3.0813986e+04   7.6030064e-01   4.2672000e-02
   3.2626573e+04   9.1807362e-01   3.6576000e-02
   3.4439161e+04   1.0666275e+00   2.8455105e-02
   3.6251748e+04   1.1913774e+00   3.5659469e-02
   3.8064336e+04   1.2883343e+00   4.2672000e-02
   3.9876923e+04   1.3121530e+00   5.4160615e-02
   4.1689510e+04   1.2944314e+00   6.4604811e-02
   4.3502098e+04   1.2255007e+00   7.5219524e-02
   4.5314685e+04   1.1189684e+00   1.0668000e-01
   4.7127273e+04   9.8587394e-01   1.2164291e-01
   4.8939860e+04   8.1431210e-01   1.4325600e-01
   5.0752448e+04   6.4540478e-01   1.5849600e-01
   5.2565035e+04   4.7800934e-01   1.7377863e-01
   5.4377622e+04   3.2054743e-01   1.7373600e-01
   5.6190210e+04   1.9264306e-01   1.8923178e-01
   5.8002797e+04   9.3780801e-02   1.8861365e-01
   5.9815385e+04   4.1739565e-02   1.8241108e-01
   6.1627972e+04   3.7683343e-02   1.4705001e-01
   6.3440559e+04   7.0423645e-02   1.2428593e-01
   6.5253147e+04   1.4298583e-01   1.0205471e-01
   6.7065734e+04   2.4180914e-01   6.7951217e-02
   6.8878322e+04   3.7479393e-01   7.5198210e-02
   7.0690909e+04   5.1225325e-01   6.0682909e-02
   7.2503497e+04   6.4580923e-01   3.6576000e-02
   7.4316084e+04   7.8780766e-01   5.0089511e-02
   7.6128671e+04   9.3900089e-01   5.4864000e-02
   7.7941259e+04   1.0987612e+00   2.5897343e-02
   7.9753846e+04   1.2345315e+00   2.6025231e-02
   8.1566434e+04   1.3471140e+00   1.1744392e-02
   8.3379021e+04   1.4275232e+00  -2.3190378e-02
   8.5191608e+04   1.4578205e+00  -5.2220977e-03
   8.7004196e+04   1.4222430e+00  -4.0284755e-03
   8.8816783e+04   1.3377589e+00   6.9699021e-03
   9.0629371e+04   1.2287155e+00   3.8153286e-03
   9.2441958e+04   1.1039571e+00   1.0870490e-02
   9.4254545e+04   9.5849231e-01   1.2746182e-02
   9.6067133e+04   8.0575759e-01   1.9993175e-02
   9.7879720e+04   6.5865873e-01   4.4696895e-02
   9.9692308e+04   5.3037366e-01   4.6188923e-02
   1.0150490e+05   4.3365342e-01   5.7784112e-02
   1.0331748e+05   3.6063530e-01   8.5322685e-02
   1.0513007e+05   3.2964992e-01   7.9162741e-02
   1.0694266e+05   3.4320721e-01   7.6391832e-02
   1.0875524e+05   3.8490353e-01   8.1400783e-02
   1.1056783e+05   4.6684726e-01   2.8860084e-02
   1.1238042e+05   5.7641833e-01   2.0334210e-02
   1.1419301e+05   7.1152380e-01   5.1197874e-02
   1.1600559e+05   8.6460588e-01   2.0611301e-02
   1.1781818e+05   1.0275377e+00   9.1440000e-03
   1.1963077e+05   1.2019451e+00  -4.9236924e-03
   1.2144336e+05   1.3758301e+00  -3.0480000e-02
   1.2325594e+05   1.5520746e+00  -3.3528000e-02
   1.2506853e+05   1.7071733e+00  -3.7833566e-02
   1.2688112e+05   1.8241015e+00  -4.2672000e-02
   1.2869371e+05   1.9099353e+00  -3.6576000e-02
   1.3050629e+05   1.9293840e+00  -4.2672000e-02
   1.3231888e+05   1.9128054e+00  -3.6576000e-02
   1.3413147e+05   1.8376735e+00  -1.9545566e-02
   1.3594406e+05   1.7431665e+00  -1.2192000e-02
   1.3775664e+05   1.6327607e+00  -1.4280839e-02
   1.3956923e+05   1.4974821e+00  -1.5240000e-02
   1.4138182e+05   1.3680861e+00  -6.0960000e-03
   1.4319441e+05   1.2158852e+00  -1.0742601e-02
   1.4500699e+05   1.0991568e+00  -1.7669874e-02
   1.4681958e+05   1.0432226e+00  -4.8256448e-02
   1.4863217e+05   1.0345353e+00  -7.8438042e-02
   1.5044476e+05   1.0934708e+00  -1.1492878e-01
   1.5225734e+05   1.1857530e+00  -1.5487250e-01
   1.5406993e+05   1.3021381e+00  -2.1589645e-01
   1.5588252e+05   1.4444319e+00  -2.5912263e-01
   1.5769510e+05   1.6040441e+00  -2.8676778e-01
   1.5950769e+05   1.8047195e+00  -3.3973477e-01
   1.6132028e+05   1.9998573e+00  -3.8777807e-01
   1.6313287e+05   2.2442617e+00  -4.1452800e-01
   1.6494545e+05   2.4613466e+00  -4.2006982e-01
   1.6675804e+05   2.6429028e+00  -4.0141947e-01
   1.6857063e+05   2.8208761e+00  -2.9942870e-01
   1.7038322e+05   2.9354273e+00  -1.6499698e-01
   1.7219580e+05   2.9407833e+00  -4.9087720e-02
   1.7400839e+05   2.8436639e+00   1.9656403e-01
   1.7582098e+05   2.6279940e+00   5.4733980e-01
   1.7763357e+05   2.3851828e+00   8.8392000e-01
   1.7944615e+05   2.1815786e+00   1.1364351e+00
   1.8125874e+05   1.9162864e+00   1.3653761e+00
   1.8307133e+05   1.6216400e+00   1.5432472e+00
   1.8488392e+05   1.3140232e+00   1.6976294e+00
   1.8669650e+05   1.0052234e+00   1.8160325e+00
   1.8850909e+05   7.1987502e-01   1.9177462e+00
   1.9032168e+05   4.9574557e-01   2.0046248e+00
   1.9213427e+05   3.2182160e-01   2.0599151e+00
   1.9394685e+05   1.9344796e-01   2.0923987e+00
   1.9575944e+05   1.4109431e-01   2.1038021e+00
   1.9757203e+05   1.5529723e-01   2.0915035e+00
   1.9938462e+05   1.9856732e-01   2.0522418e+00
   2.0119720e+05   2.9613674e-01   1.9982517e+00
   2.0300979e+05   4.2300491e-01   1.9459029e+00
   2.0482238e+05   5.6866579e-01   1.8993516e+00
   2.0663497e+05   7.4641040e-01   1.8563599e+00
   2.0844755e+05   9.0109827e-01   1.8409920e+00
   2.1026014e+05   1.0365724e+00   1.8347255e+00
   2.1207273e+05   1.1407579e+00   1.8199331e+00
   2.1388531e+05   1.2130007e+00   1.8124090e+00
   2.1569790e+05   1.2425553e+00   1.7978298e+00
   2.1751049e+05   1.1866969e+00   1.7745328e+00
   2.1932308e+05   1.0833764e+00   1.7685434e+00
   2.2113566e+05   9.7081171e-01   1.7633639e+00
   2.2294825e+05   8.4579930e-01   1.7434560e+00
   2.2476084e+05   7.1777834e-01   1.7475271e+00
   2.2657343e+05   5.7628734e-01   1.7545183e+00
   2.2838601e+05   4.3577704e-01   1.7434560e+00
   2.3019860e+05   3.1255664e-01   1.7417508e+00
   2.3201119e+05   1.8826243e-01   1.7298146e+00
   2.3382378e+05   4.7057419e-02   1.6931320e+00
   2.3563636e+05  -9.9062865e-02   1.6575578e+00
   2.3744895e+05  -2.1382240e-01   1.6083635e+00
   2.3926154e+05  -2.8392454e-01   1.5598726e+00
   2.4107413e+05  -3.4180200e-01   1.4967172e+00
   2.4288671e+05  -3.6026869e-01   1.4363966e+00
   2.4469930e+05  -3.0158021e-01   1.3575749e+00
   2.4651189e+05  -1.7308891e-01   1.2777941e+00
   2.4832448e+05  -5.1206784e-03   1.2041092e+00
   2.5013706e+05   1.4655837e-01   1.1476466e+00
   2.5194965e+05   3.0356834e-01   1.0985589e+00
   2.5376224e+05   4.8577683e-01   1.0582954e+00
   2.5557483e+05   6.5490158e-01   1.0125754e+00
   2.5738741e+05   7.8163342e-01   9.6958372e-01
   2.5930000e+05   8.4381201e-01   9.3268800e-01
