   1.3635301E+03   5.1040476E+02
   1.4684227E+03   3.4047876E+02
   1.5393393E+03   3.6252675E+02
   1.5757287E+03   4.4090368E+02
   1.5686870E+03   5.7117601E+02
   1.5475617E+03   6.7856266E+02
   1.5950935E+03   8.1763718E+02
   1.5313583E+03   9.5724720E+02
   1.4998905E+03   1.0768248E+03
   1.5651661E+03   1.1750059E+03
   1.5440408E+03   1.3316847E+03
   1.5299574E+03   1.4390714E+03
   1.5722078E+03   1.5411767E+03
   1.5950935E+03   1.6732095E+03
   1.3949979E+03   1.6768104E+03
   1.3131817E+03   1.6054834E+03
   1.3173774E+03   1.4942973E+03
   1.3131817E+03   1.2509465E+03
   1.3614323E+03   1.0894119E+03
   1.4117807E+03   1.0222806E+03
   1.3845087E+03   9.3417083E+02
   1.3530409E+03   7.2858135E+02
   1.3635301E+03   5.1040476E+02
